Unidad 4/casg0160.20i
     1.0            IONOSPHERE MAPS     MIX                 IONEX VERSION / TYPE
GIM_AOE V1.0        LZSH                2020-01-19 23:31:33 PGM / RUN BY / DATE
Global ionospheric map produced by aoe                      DESCRIPTION
Contact address: Li Zishen                                  DESCRIPTION
                                Chinese Academy of Sciences DESCRIPTION
                              Navigation Headquarter of CAS DESCRIPTION
                 Dengzhuang south Road,Beijing,China,100094 DESCRIPTION
                                   Email:lizishen@aoe.ac.cn DESCRIPTION
  2020     1    16     0     0  0.00                        EPOCH OF FIRST MAP
  2020     1    17     0     0  0.00                        EPOCH OF LAST MAP
  1800.0                                                    INTERVAL
    49                                                      # OF MAPS IN FILE
  COSZ                                                      MAPPING FUNCTION
     0.0                                                    ELEVATION CUTOFF
TEC is obtained by adjusted uncombined raw observation      OBSERVABLES USED
  6371.4                                                    BASE RADIUS 
     2                                                      MAP DIMENSION
   450.0 450.0   0.0                                        HGT1 / HGT2 / DHGT
    87.5 -87.5  -2.5                                        LAT1 / LAT2 / DLAT
  -180.0 180.0   5.0                                        LON1 / LON2 / DLON
    -1                                                      EXPONENT
TEC values in 0.1 tec units;  9999, if no value available   COMMENT
DCB values in nanoseconds, reference is Sum_of_SatDCBs = 0  COMMENT
                                                            END OF HEADER
[from data line 10725]
    26                                                      START OF TEC MAP
  2020     1    16    12    30     0                        EPOCH OF CURRENT MAP
    87.5-180.0 180.0   5.0 450.0                            LAT/LON1/LON2/DLON/H
   18   18   17   17   17   17   16   16   16   15   15   15   14   14   14   14
   13   13   13   13   12   12   12   12   12   12   12   12   12   12   13   13
   13   13   13   14   14   14   14   15   15   15   15   16   16   16   17   17
   17   17   18   18   18   18   19   19   19   19   19   19   19   19   19   19
   19   19   19   19   19   19   18   18   18
    85.0-180.0 180.0   5.0 450.0                            LAT/LON1/LON2/DLON/H
   18   18   17   17   16   16   15   15   14   14   13   13   12   11   11   10
   10   10   10   10   10   10   10   10   10   10   10   10   10   10   10   10
   10   10   10   10   11   11   12   12   12   13   13   14   14   15   15   16
   16   16   17   17   18   18   19   19   19   20   20   20   20   20   20   20
   20   20   20   19   19   19   19   18   18
    82.5-180.0 180.0   5.0 450.0                            LAT/LON1/LON2/DLON/H
   17   16   16   16   15   15   14   14   13   13   12   11   10   10   10   10
   10   10   10   10   10   10   10   10   10   10   10   10   10   10   10   10
   10   10   10   10   10   10   10   10   10   10   11   11   11   12   12   13
   13   14   15   15   16   17   17   18   18   19   19   19   19   19   19   19
   19   19   18   18   18   17   17   17   17
    80.0-180.0 180.0   5.0 450.0                            LAT/LON1/LON2/DLON/H
   15   15   15   15   14   14   14   14   13   12   12   11   11   11   11   11
   11   11   11   11   11   11   11   11   11   11   11   11   11   11   11   11
   11   11   11   11   11   11   11   11   11   11   11   11   11   11   11   11
   11   11   12   13   14   14   15   16   16   17   17   17   17   17   17   17
   17   16   16   16   15   15   15   15   15
    77.5-180.0 180.0   5.0 450.0                            LAT/LON1/LON2/DLON/H
   13   13   14   14   14   14   14   14   14   13   13   12   11   11   11   11
   11   11   11   11   11   11   11   11   11   11   11   11   11   11   11   11
   11   11   11   11   11   11   11   11   11   11   11   11   11   11   11   11
   11   10   10   10   11   12   13   13   14   14   15   15   15   15   15   15
   14   14   13   13   13   13   13   13   13
    75.0-180.0 180.0   5.0 450.0                            LAT/LON1/LON2/DLON/H
   13   13   14   14   15   15   15   15   15   15   14   14   13   12   11   11
   11   11   11   11   11   11   11   11   11   11   11   11   11   11   11   11
   11   12   12   13   12   12   11   10   10   10   10   10   10   10   10   10
   10   10   10   10   10   10   11   11   12   13   13   13   14   14   13   13
   12   12   12   11   11   11   12   12   13
    72.5-180.0 180.0   5.0 450.0                            LAT/LON1/LON2/DLON/H
   13   14   15   15   16   16   17   17   17   16   16   16   15   14   14   12
   11   10   10   10   10   10   10   10   10   10   10   10   10   12   13   15
   16   17   17   17   17   16   15   14   12   11   11   10   10   10   10   11
   11   11   10   10   10   10   10   10   10   11   12   12   12   13   12   12
   12   11   11   11   11   11   12   12   13
    70.0-180.0 180.0   5.0 450.0                            LAT/LON1/LON2/DLON/H
   14   15   16   17   17   17   17   17   17   17   17   17   17   16   16   15
   14   14   13   12   11   11   11   12   12   13   14   15   16   17   18   20
   21   22   23   23   22   21   20   18   17   15   15   14   14   15   15   15
   15   14   13   12   10   11   11   11   11   11   11   11   12   12   12   12
   12   12   11   11   12   12   13   14   14
    67.5-180.0 180.0   5.0 450.0                            LAT/LON1/LON2/DLON/H
   16   17   17   18   18   18   17   17   17   17   16   17   17   17   17   17
   16   16   15   15   15   15   15   16   17   18   19   20   21   22   23   25
   26   27   27   27   26   25   24   23   21   20   20   19   20   20   20   20
   20   18   16   14   12   12   12   11   11   11   11   11   12   12   13   13
   13   13   13   13   13   14   15   15   16
    65.0-180.0 180.0   5.0 450.0                            LAT/LON1/LON2/DLON/H
   18   18   19   19   18   18   17   16   16   15   15   15   16   16   17   17
   17   16   16   16   16   16   18   19   21   22   23   24   25   26   27   29
   30   30   31   31   30   29   28   27   26   25   24   24   25   25   25   25
   24   22   19   16   13   10   10   10   10   11   11   11   12   13   13   14
   14   14   14   15   15   16   16   17   18
    62.5-180.0 180.0   5.0 450.0                            LAT/LON1/LON2/DLON/H
   19   19   20   20   19   19   17   16   15   13   13   13   13   14   15   16
   16   15   15   14   15   16   17   20   22   24   26   28   29   30   31   32
   33   33   33   33   33   32   31   31   30   30   29   29   29   29   29   28
   27   25   22   18   14   11   11   11   11   11   11   11   12   13   14   14
   15   15   16   16   17   17   18   18   19
    60.0-180.0 180.0   5.0 450.0                            LAT/LON1/LON2/DLON/H
   20   20   21   21   21   20   19   17   15   13   12   11   11   12   13   14
   14   14   13   12   12   13   16   19   23   26   28   31   32   34   35   36
   37   37   36   36   35   35   35   35   35   35   34   33   33   32   31   30
   29   27   23   20   16   12   10   10   11   11   11   12   13   13   14   15
   16   16   17   18   18   18   19   19   20
    57.5-180.0 180.0   5.0 450.0                            LAT/LON1/LON2/DLON/H
   21   22   23   24   25   24   23   21   18   15   12   10   10   11   12   13
   13   12   10   11   11   11   14   18   23   27   31   34   37   39   41   41
   41   41   39   38   38   38   39   40   41   41   40   38   37   35   33   31
   30   28   25   22   19   16   14   12   12   13   14   14   14   14   15   16
   17   18   19   19   19   19   19   20   21
    55.0-180.0 180.0   5.0 450.0                            LAT/LON1/LON2/DLON/H
   23   25   27   29   30   30   29   27   23   19   15   12   11   11   12   13
   13   11   12   12   13   13   13   18   24   30   35   39   43   46   48   48
   48   46   44   42   42   42   44   46   48   48   47   45   42   38   35   33
   32   30   29   26   24   22   20   18   18   18   18   17   17   16   16   17
   18   19   20   20   20   20   20   21   23
    52.5-180.0 180.0   5.0 450.0                            LAT/LON1/LON2/DLON/H
   26   29   32   35   37   38   37   35   31   26   21   16   14   13   13   14
   14   13   11   11   11   11   16   21   28   35   41   46   50   54   56   56
   55   53   50   48   47   48   50   54   56   57   56   53   49   44   40   37
   35   34   34   33   31   30   28   26   25   24   23   22   20   19   19   19
   20   22   22   22   22   22   22   24   26
    50.0-180.0 180.0   5.0 450.0                            LAT/LON1/LON2/DLON/H
   30   34   38   42   45   46   46   44   40   34   28   23   19   17   17   17
   17   17   15   14   15   17   22   28   35   42   49   54   59   63   65   65
   64   61   58   55   54   55   58   61   65   67   66   63   58   53   48   44
   42   41   41   41   41   39   37   35   33   31   29   27   25   23   22   22
   23   24   24   24   24   24   25   27   30
    47.5-180.0 180.0   5.0 450.0                            LAT/LON1/LON2/DLON/H
   35   39   44   48   51   53   53   52   49   44   38   32   27   24   22   22
   22   22   21   22   23   26   31   38   45   52   58   64   68   71   73   73
   72   69   66   64   62   63   65   69   73   76   76   74   70   64   59   54
   51   50   50   50   50   49   46   43   40   37   35   32   30   27   26   26
   26   27   27   26   25   26   27   31   35
    45.0-180.0 180.0   5.0 450.0                            LAT/LON1/LON2/DLON/H
   38   43   47   51   54   56   58   58   56   52   47   42   36   32   29   28
   27   28   29   30   33   37   43   50   57   63   68   73   76   78   80   80
   79   77   75   73   72   71   73   76   80   83   85   84   81   76   71   66
   62   59   59   59   58   57   53   49   46   42   40   37   34   32   30   29
   29   29   28   27   27   27   30   34   38
    42.5-180.0 180.0   5.0 450.0                            LAT/LON1/LON2/DLON/H
   40   45   48   51   54   56   58   60   60   59   56   52   47   41   37   34
   33   34   36   39   44   50   56   63   69   74   78   80   82   83   84   84
   84   84   84   83   82   80   80   82   85   88   91   92   91   88   83   77
   72   68   66   65   64   61   58   53   49   45   43   41   38   36   34   32
   31   29   28   27   27   28   31   36   40
    40.0-180.0 180.0   5.0 450.0                            LAT/LON1/LON2/DLON/H
   40   43   46   48   50   53   55   59   61   63   63   61   56   50   45   40
   38   39   42   47   54   61   68   75   80   83   85   86   86   86   86   86
   87   90   93   94   93   90   87   86   88   91   95   98   99   97   93   87
   81   75   71   68   66   63   59   54   49   46   45   43   42   39   37   35
   32   29   27   26   26   28   31   36   40
    37.5-180.0 180.0   5.0 450.0                            LAT/LON1/LON2/DLON/H
   37   39   41   42   44   46   49   54   59   64   67   67   65   59   52   46
   43   43   47   54   62   70   77   84   88   90   90   90   89   87   86   87
   91   97  103  106  105  100   95   91   90   93   96  100  103  104  101   96
   88   79   73   69   66   63   58   54   49   47   46   45   45   43   40   37
   33   29   26   24   24   27   30   34   37
    35.0-180.0 180.0   5.0 450.0                            LAT/LON1/LON2/DLON/H
   33   34   35   35   36   38   42   48   55   62   68   71   70   66   59   51
   47   47   51   58   66   75   83   89   93   94   93   92   90   89   88   90
   95  104  113  119  118  112  103   97   94   95   98  102  106  108  108  102
   94   84   75   69   65   62   58   54   50   48   48   48   48   46   43   39
   34   29   25   22   23   25   28   31   33
    32.5-180.0 180.0   5.0 450.0                            LAT/LON1/LON2/DLON/H
   29   29   29   29   30   32   36   41   49   57   65   70   72   69   63   56
   50   49   53   60   69   77   85   90   93   94   93   92   92   91   92   95
  102  114  125  132  131  124  114  106  102  101  102  105  109  112  114  110
  101   90   79   71   66   63   60   56   53   51   51   52   52   50   48   43
   37   31   25   23   23   25   27   28   29
    30.0-180.0 180.0   5.0 450.0                            LAT/LON1/LON2/DLON/H
   27   26   26   26   26   28   31   36   43   51   58   65   69   69   65   59
   53   51   54   61   69   77   84   89   91   92   92   93   95   97   99  104
  112  125  138  146  145  137  127  119  114  111  110  110  113  118  121  119
  111  100   88   78   72   68   65   62   59   57   56   56   57   56   53   49
   42   35   29   26   25   27   28   27   27
    27.5-180.0 180.0   5.0 450.0                            LAT/LON1/LON2/DLON/H
   27   26   25   26   26   27   29   33   38   43   50   56   62   66   64   60
   55   53   55   60   67   74   80   85   87   89   91   94   99  105  110  116
  126  139  151  158  157  149  141  134  130  127  123  121  122  127  132  132
  126  115  102   91   83   78   75   71   68   65   63   63   62   61   59   55
   49   42   36   32   30   31   30   29   27
    25.0-180.0 180.0   5.0 450.0                            LAT/LON1/LON2/DLON/H
   29   28   28   29   29   29   30   32   35   37   40   46   53   59   61   59
   55   53   55   60   66   72   76   80   82   85   89   96  106  116  124  131
  141  152  163  169  167  160  155  152  150  147  140  135  134  139  145  149
  146  135  122  109   98   92   87   83   79   74   71   69   68   67   66   63
   58   51   45   40   38   37   35   32   29
    22.5-180.0 180.0   5.0 450.0                            LAT/LON1/LON2/DLON/H
   34   33   33   33   33   33   33   34   33   32   32   35   42   50   56   56
   54   53   55   60   65   70   73   76   78   82   89   99  113  127  139  147
  156  165  173  176  174  169  168  170  171  168  161  152  149  153  162  168
  167  158  144  129  116  108  101   95   89   83   78   75   73   72   72   71
   67   61   54   49   46   44   40   37   34
    20.0-180.0 180.0   5.0 450.0                            LAT/LON1/LON2/DLON/H
   39   38   38   38   37   36   37   37   34   30   26   27   33   42   50   53
   53   53   56   60   65   69   71   73   76   80   89  103  121  139  152  162
  168  175  179  180  177  175  178  185  191  189  180  170  165  169  177  185
  187  179  165  149  134  123  114  106   98   90   84   80   77   76   76   76
   74   70   64   58   54   50   46   42   39
    17.5-180.0 180.0   5.0 450.0                            LAT/LON1/LON2/DLON/H
   42   41   41   41   39   38   39   40   37   30   24   22   27   36   44   49
   50   52   56   62   67   70   71   73   75   81   91  107  127  148  163  173
  178  181  183  181  179  179  186  197  206  206  197  185  179  182  190  199
  201  195  182  164  148  134  124  114  104   95   88   83   80   78   79   80
   79   76   71   65   60   55   50   45   42
    15.0-180.0 180.0   5.0 450.0                            LAT/LON1/LON2/DLON/H
   44   43   42   40   38   38   40   42   40   33   25   21   24   32   40   45
   48   51   57   64   70   73   74   74   77   83   94  111  132  154  170  180
  183  185  184  181  179  181  191  205  217  218  209  197  190  191  199  206
  209  204  191  173  156  142  130  119  108   98   90   85   81   79   79   80
   81   79   75   69   64   58   52   47   44
    12.5-180.0 180.0   5.0 450.0                            LAT/LON1/LON2/DLON/H
   43   41   39   37   34   35   39   43   43   37   29   24   25   31   38   42
   46   51   58   67   74   77   77   78   81   87   98  115  136  157  173  182
  185  185  184  181  180  183  195  211  223  225  216  205  197  197  202  207
  209  204  192  176  160  146  134  122  110  100   92   87   83   80   79   79
   80   79   76   71   65   58   52   46   43
    10.0-180.0 180.0   5.0 450.0                            LAT/LON1/LON2/DLON/H
   41   38   35   31   29   30   35   41   43   40   34   29   29   32   37   40
   44   51   60   71   78   82   82   83   86   92  102  118  137  157  172  181
  184  185  184  183  182  187  199  214  226  228  220  210  202  200  202  204
  204  199  188  174  161  148  137  126  114  103   95   90   86   82   79   78
   78   78   75   71   65   58   51   45   41
     7.5-180.0 180.0   5.0 450.0                            LAT/LON1/LON2/DLON/H
   38   34   30   25   23   24   30   37   41   41   37   33   32   33   35   39
   44   52   63   75   83   87   88   88   91   97  107  121  138  155  169  177
  181  184  185  187  188  194  205  218  228  229  223  214  207  204  202  200
  198  193  184  173  162  152  143  132  120  109  101   96   92   86   81   78
   77   76   74   70   64   58   50   43   38
     5.0-180.0 180.0   5.0 450.0                            LAT/LON1/LON2/DLON/H
   37   32   26   21   18   19   25   31   36   38   36   34   32   32   33   36
   43   53   66   78   87   91   92   93   97  103  111  123  137  152  165  173
  179  184  188  193  196  202  212  223  231  232  227  221  215  211  206  201
  196  191  184  175  167  160  152  142  129  118  110  105  100   93   85   80
   77   77   75   71   65   59   51   43   37
     2.5-180.0 180.0   5.0 450.0                            LAT/LON1/LON2/DLON/H
   39   32   25   20   16   16   20   25   29   31   32   31   29   28   29   33
   42   54   68   81   90   95   96   98  102  107  115  125  136  149  160  169
  177  185  193  200  206  213  221  230  236  237  234  231  228  223  216  209
  203  198  192  185  178  172  165  155  142  130  121  116  110  101   92   84
   81   79   77   73   68   62   54   46   39
