Unidad 4/casg0160.20i
     1.0            IONOSPHERE MAPS     MIX                 IONEX VERSION / TYPE
GIM_AOE V1.0        LZSH                2020-01-19 23:31:33 PGM / RUN BY / DATE
Global ionospheric map produced by aoe                      DESCRIPTION
Contact address: Li Zishen                                  DESCRIPTION
                                Chinese Academy of Sciences DESCRIPTION
                              Navigation Headquarter of CAS DESCRIPTION
                 Dengzhuang south Road,Beijing,China,100094 DESCRIPTION
                                   Email:lizishen@aoe.ac.cn DESCRIPTION
  2020     1    16     0     0  0.00                        EPOCH OF FIRST MAP
  2020     1    17     0     0  0.00                        EPOCH OF LAST MAP
  1800.0                                                    INTERVAL
    49                                                      # OF MAPS IN FILE
  COSZ                                                      MAPPING FUNCTION
     0.0                                                    ELEVATION CUTOFF
TEC is obtained by adjusted uncombined raw observation      OBSERVABLES USED
  6371.4                                                    BASE RADIUS 
     2                                                      MAP DIMENSION
   450.0 450.0   0.0                                        HGT1 / HGT2 / DHGT
    87.5 -87.5  -2.5                                        LAT1 / LAT2 / DLAT
  -180.0 180.0   5.0                                        LON1 / LON2 / DLON
    -1                                                      EXPONENT
TEC values in 0.1 tec units;  9999, if no value available   COMMENT
DCB values in nanoseconds, reference is Sum_of_SatDCBs = 0  COMMENT
                                                            END OF HEADER
[from data line 9009]
    22                                                      START OF TEC MAP
  2020     1    16    10    30     0                        EPOCH OF CURRENT MAP
    87.5-180.0 180.0   5.0 450.0                            LAT/LON1/LON2/DLON/H
   18   18   18   18   18   18   18   18   18   18   18   17   17   17   16   16
   16   16   15   15   15   15   14   14   14   14   14   14   14   14   14   14
   13   13   13   13   13   13   13   13   13   13   13   13   13   13   13   13
   13   13   13   14   14   14   14   14   14   14   15   15   15   15   16   16
   16   16   17   17   17   17   18   18   18
    85.0-180.0 180.0   5.0 450.0                            LAT/LON1/LON2/DLON/H
   19   20   20   20   20   20   20   20   19   19   18   17   17   16   15   14
   14   13   12   12   11   11   10   10   10   10   10   10   10   10   10   10
   11   11   11   11   11   11   11   11   11   11   11   10   10   10   10   10
   10   10   10   10   10   10   10   10   11   11   11   12   12   13   13   14
   14   15   16   16   17   18   18   19   19
    82.5-180.0 180.0   5.0 450.0                            LAT/LON1/LON2/DLON/H
   19   20   21   21   21   21   21   21   20   19   18   17   15   14   13   12
   10   10   10   10   10   10   10   10   10   10   10   10   10   10   10   10
   10   10   10   10   10   10   10   10   10   10   10   10   10   10   10   10
   10   10   10   10   10   10   10   10   10   10   10   10   10   10   10   10
   11   12   13   14   15   16   17   18   19
    80.0-180.0 180.0   5.0 450.0                            LAT/LON1/LON2/DLON/H
   18   19   20   21   22   22   22   21   20   19   17   16   14   12   11   11
   11   11   11   11   11   11   11   11   11   11   11   11   11   11   11   11
   11   11   11   11   11   11   11   11   11   11   11   11   11   11   11   11
   11   11   11   11   11   11   11   11   11   11   11   11   11   11   11   11
   11   11   11   11   12   14   15   17   18
    77.5-180.0 180.0   5.0 450.0                            LAT/LON1/LON2/DLON/H
   16   18   20   21   21   22   22   21   20   19   17   15   13   11   11   11
   11   11   11   11   11   11   11   11   11   11   11   11   11   11   11   11
   11   11   11   11   11   11   11   11   11   11   11   11   11   11   11   11
   11   11   11   11   11   11   11   11   11   11   11   11   11   11   11   11
   11   11   11   11   11   11   13   15   16
    75.0-180.0 180.0   5.0 450.0                            LAT/LON1/LON2/DLON/H
   15   17   19   20   21   21   21   20   19   18   16   15   13   11   11   11
   11   11   11   11   11   11   11   11   11   11   11   11   11   11   11   11
   11   11   11   11   11   12   11   11   10   10   10   10   10   10   10   10
   10   10   10   10   10   10   10   10   10   10   10   10   11   11   11   11
   11   11   11   11   11   11   11   13   15
    72.5-180.0 180.0   5.0 450.0                            LAT/LON1/LON2/DLON/H
   14   16   18   19   20   20   20   20   19   17   16   14   13   12   11   10
   10   10   10   10   10   10   10   10   10   10   10   10   10   10   10   10
   10   10   12   13   14   14   14   13   13   13   12   12   12   12   12   12
   12   12   12   13   13   13   13   13   13   13   12   11   11   11   10   10
   10   10   10   10   10   10   10   12   14
    70.0-180.0 180.0   5.0 450.0                            LAT/LON1/LON2/DLON/H
   15   16   18   19   19   19   19   18   17   16   15   14   13   13   12   12
   12   12   12   12   12   11   10   10   10   10   10   10   10   10   10   10
   10   12   14   15   16   17   17   17   17   17   18   18   19   20   20   20
   20   20   19   19   19   19   19   19   18   18   16   15   14   12   11   11
   11   11   11   11   11   11   11   13   15
    67.5-180.0 180.0   5.0 450.0                            LAT/LON1/LON2/DLON/H
   17   18   18   18   18   18   17   17   16   15   15   14   14   14   14   15
   15   16   16   16   16   16   15   13   12   10   10   10   10   10   10   10
   13   15   17   19   19   20   20   20   21   23   24   26   28   29   30   29
   28   27   26   25   25   24   24   23   22   21   20   18   17   16   14   13
   12   11   11   11   12   13   14   15   17
    65.0-180.0 180.0   5.0 450.0                            LAT/LON1/LON2/DLON/H
   19   20   19   19   18   17   16   15   15   14   14   14   15   15   16   17
   17   18   18   18   18   17   17   16   14   13   11   11   11   11   11   14
   16   19   21   23   23   23   24   24   26   28   32   35   38   39   39   38
   36   34   32   30   28   27   26   25   24   23   21   20   19   18   17   16
   15   15   15   15   15   16   18   19   19
    62.5-180.0 180.0   5.0 450.0                            LAT/LON1/LON2/DLON/H
   23   23   21   20   18   16   15   14   14   14   14   14   15   16   16   17
   17   18   17   17   17   16   16   15   14   13   12   11   11   12   14   17
   21   24   26   28   28   28   28   29   31   34   39   43   47   49   48   47
   43   39   36   32   30   28   27   25   24   22   21   20   19   18   18   18
   17   17   17   17   18   20   21   22   23
    60.0-180.0 180.0   5.0 450.0                            LAT/LON1/LON2/DLON/H
   26   26   24   22   19   17   15   14   14   14   15   15   15   16   16   16
   16   16   15   14   13   13   12   12   13   13   13   13   14   16   19   23
   27   30   33   34   34   33   32   33   36   40   45   50   55   57   56   53
   49   43   38   34   31   29   27   25   23   22   20   19   18   18   18   18
   18   18   18   19   20   22   24   26   26
    57.5-180.0 180.0   5.0 450.0                            LAT/LON1/LON2/DLON/H
   29   29   27   24   21   19   17   16   16   16   16   16   16   16   15   15
   14   13   12   10   10   11   11   11   11   12   13   15   17   20   24   29
   34   38   40   41   40   39   38   39   41   45   51   56   61   63   62   58
   53   47   42   37   34   32   29   27   24   22   20   18   17   17   17   17
   17   17   17   18   20   23   26   28   29
    55.0-180.0 180.0   5.0 450.0                            LAT/LON1/LON2/DLON/H
   32   32   30   27   24   22   20   20   20   20   19   19   18   16   15   14
   13   11   11   11   11   11   11   11   11   13   15   17   20   25   30   35
   41   46   48   49   48   46   45   45   46   50   55   61   65   67   66   63
   58   53   47   43   40   37   34   31   28   24   21   19   18   17   17   17
   17   16   16   17   19   23   27   30   32
    52.5-180.0 180.0   5.0 450.0                            LAT/LON1/LON2/DLON/H
   34   34   33   30   28   26   25   25   25   25   24   22   20   18   16   14
   13   12   11   10   10   10   11   11   13   16   19   22   26   31   36   43
   49   53   56   56   55   54   52   52   53   55   59   64   68   70   70   68
   64   60   56   52   49   46   42   38   34   30   26   23   21   20   19   18
   17   15   15   15   18   22   27   31   34
    50.0-180.0 180.0   5.0 450.0                            LAT/LON1/LON2/DLON/H
   36   37   36   34   32   31   31   32   32   31   30   27   24   21   18   16
   16   16   16   16   16   16   16   17   19   22   25   28   32   38   44   50
   56   60   63   63   63   62   60   60   60   61   63   67   70   73   74   74
   72   69   67   63   60   56   52   47   42   37   32   29   26   24   22   20
   18   16   15   16   18   22   28   32   36
    47.5-180.0 180.0   5.0 450.0                            LAT/LON1/LON2/DLON/H
   37   38   37   36   36   36   38   39   39   39   37   33   30   26   22   21
   21   23   24   26   27   27   27   28   29   31   33   36   40   45   51   57
   62   66   68   69   70   70   70   69   68   68   68   70   72   76   78   80
   80   80   78   75   72   67   61   55   50   44   39   35   32   29   27   24
   22   19   18   18   20   24   29   33   37
    45.0-180.0 180.0   5.0 450.0                            LAT/LON1/LON2/DLON/H
   37   38   38   38   39   41   44   46   47   46   44   41   36   32   29   27
   28   31   35   38   40   40   40   40   40   41   43   45   49   54   59   63
   67   70   72   74   76   78   79   79   78   75   74   74   76   79   83   86
   89   90   89   86   81   74   67   60   55   49   45   41   38   35   32   29
   27   24   22   22   23   26   30   34   37
    42.5-180.0 180.0   5.0 450.0                            LAT/LON1/LON2/DLON/H
   37   38   38   39   41   45   48   52   53   53   51   48   44   40   37   35
   37   41   47   51   54   54   54   52   52   52   53   55   58   62   66   69
   72   74   76   78   81   86   89   90   88   84   81   79   80   84   88   92
   95   97   96   92   85   77   69   62   56   52   49   46   43   40   37   34
   32   30   28   27   28   30   32   35   37
    40.0-180.0 180.0   5.0 450.0                            LAT/LON1/LON2/DLON/H
   36   36   36   38   41   46   51   55   58   58   57   56   53   49   46   45
   47   51   57   62   65   66   65   63   62   61   62   65   68   71   73   75
   76   77   79   82   87   94   99  101   99   94   89   87   87   90   93   97
  100  100   99   93   85   76   67   59   54   51   50   48   46   44   41   38
   36   35   34   33   33   33   34   35   36
    37.5-180.0 180.0   5.0 450.0                            LAT/LON1/LON2/DLON/H
   33   33   34   36   40   46   52   57   60   61   61   61   60   58   56   55
   56   60   65   70   72   73   72   70   69   69   70   73   76   79   80   81
   81   81   83   87   93  102  109  112  110  105  100   97   96   98  100  101
  101  101   98   92   83   72   63   56   52   50   50   49   48   47   44   42
   40   39   39   38   37   35   34   34   33
    35.0-180.0 180.0   5.0 450.0                            LAT/LON1/LON2/DLON/H
   31   30   31   33   38   44   51   56   59   61   62   65   66   66   65   64
   64   67   71   74   76   76   75   73   73   73   76   80   83   86   86   86
   85   86   88   93  101  110  118  122  121  116  112  109  109  108  107  105
  102   99   95   89   81   71   62   55   52   51   51   52   51   50   48   45
   44   43   42   41   39   36   34   32   31
    32.5-180.0 180.0   5.0 450.0                            LAT/LON1/LON2/DLON/H
   28   28   29   31   35   41   47   53   56   58   60   64   69   71   71   71
   70   72   73   75   75   75   74   73   73   75   79   84   88   91   91   90
   90   91   95  100  109  118  126  131  130  127  124  124  124  122  118  111
  105   99   95   90   83   75   67   61   57   56   56   57   56   55   52   50
   48   46   45   43   40   36   32   29   28
    30.0-180.0 180.0   5.0 450.0                            LAT/LON1/LON2/DLON/H
   26   27   28   29   33   38   44   48   51   52   55   60   67   72   75   75
   74   73   73   73   72   71   70   70   71   74   80   86   91   94   94   93
   95   98  103  109  117  126  134  138  139  138  138  140  141  138  131  120
  110  103  100   97   93   88   81   75   71   68   66   66   65   63   60   56
   53   51   48   45   40   35   30   27   26
    27.5-180.0 180.0   5.0 450.0                            LAT/LON1/LON2/DLON/H
   26   27   28   29   31   35   40   44   46   46   48   53   62   69   74   75
   74   73   71   69   67   65   65   66   68   72   78   85   91   94   95   96
   99  105  112  119  127  134  140  144  146  147  151  157  160  157  147  133
  120  113  112  113  113  110  105   99   92   86   82   79   76   73   69   65
   60   56   52   48   42   36   30   27   26
    25.0-180.0 180.0   5.0 450.0                            LAT/LON1/LON2/DLON/H
   29   30   31   31   31   34   38   41   41   39   40   44   54   63   69   72
   71   70   68   65   62   60   60   61   64   68   74   82   88   92   94   97
  103  112  121  129  136  142  146  149  151  156  163  173  179  177  165  149
  135  129  131  136  139  139  135  127  118  109  100   94   90   85   81   75
   70   64   59   52   45   38   33   29   29
    22.5-180.0 180.0   5.0 450.0                            LAT/LON1/LON2/DLON/H
   34   34   35   34   33   34   37   39   38   34   32   36   45   55   63   66
   66   65   63   60   57   56   56   57   59   63   70   77   84   89   92   98
  107  119  130  139  145  149  152  154  157  163  174  188  197  196  185  168
  154  150  155  163  169  171  166  158  145  132  120  110  104   98   92   86
   80   74   67   60   52   44   38   34   34
    20.0-180.0 180.0   5.0 450.0                            LAT/LON1/LON2/DLON/H
   40   39   39   37   34   34   37   39   37   32   28   29   37   47   55   59
   60   60   59   56   54   52   52   54   56   59   65   72   80   85   91   99
  112  126  139  148  154  156  158  159  162  169  183  199  211  213  202  186
  174  172  179  189  197  199  194  183  169  153  137  125  116  109  103   96
   90   84   77   69   60   52   45   41   40
    17.5-180.0 180.0   5.0 450.0                            LAT/LON1/LON2/DLON/H
   46   44   43   39   36   35   38   40   39   32   26   26   32   42   49   52
   54   55   55   53   51   49   49   51   53   56   61   68   76   83   91  101
  116  133  147  157  162  164  164  164  167  175  189  207  221  224  216  201
  191  191  199  210  218  218  212  201  186  168  150  136  125  116  110  104
   98   93   86   79   70   62   55   49   46
    15.0-180.0 180.0   5.0 450.0                            LAT/LON1/LON2/DLON/H
   52   48   45   41   37   36   39   42   41   35   29   27   32   40   46   48
   49   50   51   51   48   46   46   48   51   54   59   67   74   82   92  105
  121  139  154  164  169  171  171  171  173  179  193  210  225  230  224  212
  204  205  214  224  229  227  220  209  194  177  159  143  130  121  113  108
  104   99   94   88   80   72   64   57   52
    12.5-180.0 180.0   5.0 450.0                            LAT/LON1/LON2/DLON/H
   55   50   45   40   36   35   38   42   43   39   33   32   36   42   46   46
   46   48   49   49   47   44   44   46   50   54   60   67   75   84   95  109
  126  144  160  170  176  179  180  179  180  184  195  210  224  230  226  218
  212  214  221  228  230  226  219  209  197  181  164  148  134  123  114  109
  105  103   99   94   87   80   71   63   55
    10.0-180.0 180.0   5.0 450.0                            LAT/LON1/LON2/DLON/H
   57   50   44   38   34   33   35   40   43   41   38   38   41   46   48   46
   45   46   48   48   45   42   42   45   50   56   62   70   78   87   99  113
  131  148  163  175  182  187  189  188  187  189  196  208  220  226  225  219
  215  217  223  227  225  219  212  205  196  184  168  152  137  124  114  108
  105  103  101   97   91   84   76   67   57
     7.5-180.0 180.0   5.0 450.0                            LAT/LON1/LON2/DLON/H
   57   48   41   35   31   29   31   36   41   42   41   42   46   50   50   47
   46   46   48   48   44   41   41   45   52   59   67   74   82   91  103  117
  134  150  165  177  187  193  197  197  196  195  198  205  215  221  221  218
  216  218  222  223  219  212  206  202  197  188  174  157  141  127  115  107
  103  101  100   96   92   86   78   68   57
     5.0-180.0 180.0   5.0 450.0                            LAT/LON1/LON2/DLON/H
   57   47   39   33   28   25   25   30   35   39   41   44   48   51   51   47
   45   46   48   47   43   40   40   46   54   63   71   78   86   94  106  119
  134  150  164  178  189  198  204  206  204  201  201  204  211  217  219  218
  218  221  224  223  216  208  204  204  202  195  182  166  149  133  119  109
  103  100   97   94   90   84   77   68   57
     2.5-180.0 180.0   5.0 450.0                            LAT/LON1/LON2/DLON/H
   56   46   39   32   26   21   20   23   28   33   37   41   46   48   47   44
   43   44   46   46   42   39   41   47   57   67   75   82   89   96  107  119
  133  147  161  176  189  201  209  212  212  208  205  206  210  216  220  222
  224  228  231  228  221  213  211  213  213  207  193  176  158  142  126  113
  105  100   96   92   87   82   76   67   56
