Unidad 4/casg0160.20i
     1.0            IONOSPHERE MAPS     MIX                 IONEX VERSION / TYPE
GIM_AOE V1.0        LZSH                2020-01-19 23:31:33 PGM / RUN BY / DATE
Global ionospheric map produced by aoe                      DESCRIPTION
Contact address: Li Zishen                                  DESCRIPTION
                                Chinese Academy of Sciences DESCRIPTION
                              Navigation Headquarter of CAS DESCRIPTION
                 Dengzhuang south Road,Beijing,China,100094 DESCRIPTION
                                   Email:lizishen@aoe.ac.cn DESCRIPTION
  2020     1    16     0     0  0.00                        EPOCH OF FIRST MAP
  2020     1    17     0     0  0.00                        EPOCH OF LAST MAP
  1800.0                                                    INTERVAL
    49                                                      # OF MAPS IN FILE
  COSZ                                                      MAPPING FUNCTION
     0.0                                                    ELEVATION CUTOFF
TEC is obtained by adjusted uncombined raw observation      OBSERVABLES USED
  6371.4                                                    BASE RADIUS 
     2                                                      MAP DIMENSION
   450.0 450.0   0.0                                        HGT1 / HGT2 / DHGT
    87.5 -87.5  -2.5                                        LAT1 / LAT2 / DLAT
  -180.0 180.0   5.0                                        LON1 / LON2 / DLON
    -1                                                      EXPONENT
TEC values in 0.1 tec units;  9999, if no value available   COMMENT
DCB values in nanoseconds, reference is Sum_of_SatDCBs = 0  COMMENT
                                                            END OF HEADER
[from data line 18876]
    45                                                      START OF TEC MAP
  2020     1    16    22     0     0                        EPOCH OF CURRENT MAP
    87.5-180.0 180.0   5.0 450.0                            LAT/LON1/LON2/DLON/H
   22   22   22   22   22   21   21   21   21   21   20   20   19   19   18   18
   17   17   16   16   15   14   14   13   13   13   12   12   12   11   11   11
   11   11   11   11   11   11   12   12   12   12   13   13   14   14   14   15
   15   16   16   16   17   17   18   18   18   19   19   19   20   20   20   20
   21   21   21   21   21   21   22   22   22
    85.0-180.0 180.0   5.0 450.0                            LAT/LON1/LON2/DLON/H
   22   23   23   23   23   23   23   23   23   22   22   21   21   20   19   18
   17   15   14   13   12   10   10   10   10   10   10   10   10   10   10   10
   10   10   10   10   10   10   10   10   10   10   10   10   10   10   11   12
   12   13   13   14   15   15   16   16   17   17   18   18   19   19   20   20
   20   21   21   21   21   22   22   22   22
    82.5-180.0 180.0   5.0 450.0                            LAT/LON1/LON2/DLON/H
   19   19   20   21   21   22   22   23   23   23   23   22   21   20   19   18
   16   14   12   10   10   10   10   10   10   10   10   10   10   10   10   10
   10   10   10   10   10   10   10   10   10   10   10   10   10   10   10   10
   10   10   10   11   11   12   13   13   14   14   15   15   15   16   16   16
   17   17   17   17   18   18   18   19   19
    80.0-180.0 180.0   5.0 450.0                            LAT/LON1/LON2/DLON/H
   13   14   15   16   17   18   20   21   22   23   23   23   22   21   20   18
   16   14   12   12   12   12   11   11   11   11   11   11   11   11   11   11
   11   11   11   11   11   11   11   11   11   11   11   11   11   11   11   11
   11   11   11   11   10   10   10   10   10   10   10   11   11   11   12   12
   12   11   11   11   11   11   12   12   13
    77.5-180.0 180.0   5.0 450.0                            LAT/LON1/LON2/DLON/H
    4    6    8   10   12   15   17   19   21   22   23   23   23   22   21   19
   17   15   12   12   12   12   12   12   12   12   12   12   12   12   12   12
   12   12   12   12   12   12   12   12   12   12   12   12   12   12   12   12
   12   12   12   12   12   12   12   12   12   12   12   12   12   12   12   12
   12   12   12   12   12   12   12   12   12
    75.0-180.0 180.0   5.0 450.0                            LAT/LON1/LON2/DLON/H
    0    2    5    7   10   12   15   18   21   23   24   25   24   24   22   21
   18   16   14   11   11   11   11   11   11   11   11   11   11   11   11   11
   11   11   11   11   11   11   11   11   11   11   11   11   11   11   11   11
   11   11   11   11   11   11   11   11   11   11   11   11   11   11   11   11
   11   11   11   11   11   11   11   11   11
    72.5-180.0 180.0   5.0 450.0                            LAT/LON1/LON2/DLON/H
    0    3    5    8   10   13   17   20   23   25   27   27   26   25   24   22
   20   18   16   14   12   12   12   12   12   12   12   12   12   12   12   12
   12   12   12   12   12   12   12   12   12   12   12   12   12   12   12   12
   12   12   12   12   12   12   12   12   12   12   12   12   12   12   12   12
   12   12   12   12   12   12   12   12   12
    70.0-180.0 180.0   5.0 450.0                            LAT/LON1/LON2/DLON/H
    0    4    7   11   14   18   22   25   28   30   31   30   29   27   25   23
   21   20   19   17   16   14   12   12   12   12   12   12   12   12   12   12
   12   12   12   12   12   12   12   12   12   12   12   12   12   12   12   12
   12   12   12   12   12   12   12   12   12   12   12   12   12   12   12   12
   12   12   12   12   12   12   12   12   12
    67.5-180.0 180.0   5.0 450.0                            LAT/LON1/LON2/DLON/H
   13   15   18   20   23   27   30   33   35   36   36   35   33   30   27   25
   23   22   21   20   20   18   17   15   12   10   11   11   11   11   11   11
   11   12   12   11   11   11   11   11   11   11   11   11   11   11   11   11
   11   11   11   11   11   11   11   11   11   11   11   11   11   11   11   11
   11   11   11   11   11   11   11   11   13
    65.0-180.0 180.0   5.0 450.0                            LAT/LON1/LON2/DLON/H
   26   29   31   33   36   38   40   42   44   44   43   40   37   33   30   27
   25   24   23   23   23   21   20   18   15   13   12   11   11   11   12   13
   13   13   12   11   11   10   10   10   10   10   10   10   10   12   13   13
   12   11   11   11   11   11   11   11   11   11   11   11   12   12   12   12
   11   11   11   13   15   18   21   24   26
    62.5-180.0 180.0   5.0 450.0                            LAT/LON1/LON2/DLON/H
   41   44   46   47   49   50   51   52   52   51   49   46   42   38   34   31
   28   27   26   26   25   23   21   19   16   15   13   12   12   12   12   13
   13   12   11   11   11   11   11   10   10   10   10   10   13   15   16   16
   16   14   13   11   10   10   10   11   12   13   14   15   16   16   15   14
   14   14   16   19   23   28   33   37   41
    60.0-180.0 180.0   5.0 450.0                            LAT/LON1/LON2/DLON/H
   54   57   59   60   60   60   60   59   58   57   55   51   48   44   40   36
   34   32   30   28   26   24   21   18   16   14   13   13   13   13   12   12
   12   11   11   11   11   11   11   11   11   11   10   13   16   18   20   20
   19   18   17   17   17   17   17   18   19   19   19   19   19   18   16   15
   15   16   19   24   30   36   43   49   54
    57.5-180.0 180.0   5.0 450.0                            LAT/LON1/LON2/DLON/H
   63   67   69   70   69   68   66   64   63   61   59   57   54   51   47   44
   41   38   35   31   27   24   20   18   16   15   14   14   14   14   13   13
   12   11   11   11   11   11   11   10   10   13   15   18   21   22   23   24
   23   23   23   23   24   25   26   27   26   26   25   23   21   18   16   15
   15   17   21   27   34   42   50   57   63
    55.0-180.0 180.0   5.0 450.0                            LAT/LON1/LON2/DLON/H
   67   72   75   76   75   73   70   67   65   63   62   61   60   59   56   53
   49   45   40   35   29   25   21   18   17   17   18   18   18   18   17   15
   14   13   13   12   13   13   14   16   17   19   22   24   26   27   28   28
   28   29   30   31   33   35   36   36   35   33   30   26   22   19   16   14
   14   16   21   27   35   44   52   60   67
    52.5-180.0 180.0   5.0 450.0                            LAT/LON1/LON2/DLON/H
   66   72   76   79   79   76   73   69   66   64   64   65   67   67   66   63
   58   52   46   39   32   27   24   22   22   23   24   25   26   25   23   22
   20   19   18   19   20   21   22   24   26   27   28   30   31   31   32   32
   33   34   37   40   43   45   47   47   45   41   36   30   24   19   15   13
   14   16   21   27   35   43   51   59   66
    50.0-180.0 180.0   5.0 450.0                            LAT/LON1/LON2/DLON/H
   63   70   75   79   80   79   75   71   67   66   67   70   73   75   74   71
   66   59   51   44   37   33   30   30   31   33   35   36   36   35   33   31
   29   28   27   28   29   30   32   33   34   35   35   35   35   36   36   37
   38   40   43   47   51   55   57   56   53   48   41   34   26   20   16   14
   14   17   21   27   34   41   48   55   63
    47.5-180.0 180.0   5.0 450.0                            LAT/LON1/LON2/DLON/H
   58   66   73   79   82   81   78   74   70   69   70   74   79   81   81   78
   72   64   56   50   45   42   41   42   44   46   48   49   48   47   45   43
   40   38   37   37   38   39   40   41   41   41   41   40   39   39   40   41
   43   45   49   53   58   62   64   64   61   55   47   38   30   23   18   16
   17   19   24   29   34   39   45   51   58
    45.0-180.0 180.0   5.0 450.0                            LAT/LON1/LON2/DLON/H
   55   64   72   79   84   85   83   79   76   74   75   79   84   87   86   82
   75   68   62   57   54   53   55   57   60   62   62   62   61   60   58   55
   52   50   48   47   47   47   47   48   47   46   45   43   42   42   43   44
   46   49   52   56   61   65   68   68   66   60   52   43   34   26   22   20
   21   24   28   31   35   38   43   48   55
    42.5-180.0 180.0   5.0 450.0                            LAT/LON1/LON2/DLON/H
   56   64   72   80   86   89   89   86   83   81   81   85   88   90   89   84
   78   72   67   65   65   67   71   74   76   77   76   74   72   71   69   67
   64   60   57   55   54   53   52   52   51   50   48   46   44   44   45   46
   48   50   53   56   60   64   68   69   68   63   56   47   38   31   27   26
   27   29   32   35   37   40   44   49   56
    40.0-180.0 180.0   5.0 450.0                            LAT/LON1/LON2/DLON/H
   60   67   75   82   89   93   94   93   90   88   88   90   92   93   91   86
   80   76   74   75   78   82   86   90   91   89   86   82   80   80   79   76
   73   68   64   61   58   56   55   54   53   52   50   48   46   45   45   46
   48   49   51   53   56   60   64   67   67   64   58   51   43   37   33   32
   33   35   37   39   41   43   47   53   60
    37.5-180.0 180.0   5.0 450.0                            LAT/LON1/LON2/DLON/H
   67   74   80   85   91   95   98   99   97   95   94   94   95   95   93   89
   84   82   82   85   90   95  100  102  101   97   91   87   85   85   85   83
   79   74   69   65   61   58   55   54   54   53   52   50   47   45   45   45
   46   46   47   48   50   54   58   63   65   64   60   53   47   42   39   39
   39   41   41   42   44   47   53   60   67
    35.0-180.0 180.0   5.0 450.0                            LAT/LON1/LON2/DLON/H
   77   82   86   89   93   97  102  104  103  101   99   98   98   97   96   93
   90   90   92   96  101  105  109  109  106  100   93   87   86   87   88   87
   83   77   71   66   62   58   55   54   54   54   53   51   48   45   43   43
   43   43   43   43   44   48   53   58   62   63   60   55   49   46   44   44
   45   45   44   44   45   50   59   68   77
    32.5-180.0 180.0   5.0 450.0                            LAT/LON1/LON2/DLON/H
   87   92   93   93   95  100  105  108  109  107  104  101  101  100  100   99
   98   98  101  104  107  110  112  111  106   99   90   85   85   87   90   89
   85   78   72   67   62   58   54   53   54   55   54   52   48   44   41   40
   40   40   39   39   41   44   49   55   60   61   59   55   51   48   48   48
   48   47   45   44   46   53   64   77   87
    30.0-180.0 180.0   5.0 450.0                            LAT/LON1/LON2/DLON/H
   96  102  102  100  101  105  111  115  115  113  109  105  104  104  105  105
  106  107  108  109  110  110  109  107  102   94   86   82   82   86   90   90
   85   79   72   67   62   57   54   52   53   54   54   52   47   42   39   38
   38   38   38   39   40   43   48   54   59   60   58   54   51   49   50   51
   52   50   46   44   46   54   69   84   96
    27.5-180.0 180.0   5.0 450.0                            LAT/LON1/LON2/DLON/H
  105  111  112  111  112  116  122  125  126  122  117  112  110  110  111  112
  113  112  111  109  107  104  103  101   96   89   82   78   80   86   90   90
   85   79   73   68   63   57   53   51   51   53   53   50   45   40   37   36
   37   39   40   41   42   45   50   55   59   60   57   53   49   48   50   53
   54   52   48   44   46   55   72   90  105
    25.0-180.0 180.0   5.0 450.0                            LAT/LON1/LON2/DLON/H
  111  120  123  125  129  135  140  143  142  137  130  124  120  118  118  118
  117  114  110  105  100   97   95   94   92   86   80   77   79   85   90   90
   86   79   73   68   63   58   52   49   48   50   50   47   42   37   35   35
   38   41   43   45   46   48   52   57   60   59   56   51   47   47   50   54
   57   56   52   47   47   57   75   95  111
    22.5-180.0 180.0   5.0 450.0                            LAT/LON1/LON2/DLON/H
  117  129  137  144  153  162  167  168  165  159  150  142  135  129  126  122
  118  112  105   98   93   90   90   92   91   86   80   77   79   85   90   90
   86   80   75   70   64   57   51   46   44   45   45   43   38   34   33   35
   40   44   47   49   49   51   54   57   59   58   54   48   44   44   48   55
   60   61   58   53   52   61   78   99  117
    20.0-180.0 180.0   5.0 450.0                            LAT/LON1/LON2/DLON/H
  122  137  151  166  182  194  200  199  194  187  178  167  156  145  135  126
  117  108   99   93   89   89   92   95   96   91   84   80   81   85   90   90
   87   82   77   71   65   57   49   43   40   39   39   37   34   31   32   36
   42   47   50   51   50   50   52   55   57   55   51   45   41   42   47   55
   64   68   67   62   61   68   83  103  122
    17.5-180.0 180.0   5.0 450.0                            LAT/LON1/LON2/DLON/H
  127  145  165  189  213  229  234  232  226  219  210  198  182  164  147  131
  117  105   97   92   92   96  102  107  107  101   92   84   83   85   89   90
   89   84   79   73   66   57   48   40   35   34   33   32   30   28   31   36
   44   49   52   50   48   47   48   50   52   51   47   42   39   40   46   56
   67   75   77   75   73   77   91  108  127
    15.0-180.0 180.0   5.0 450.0                            LAT/LON1/LON2/DLON/H
  132  152  178  210  240  259  264  260  254  249  242  230  211  187  162  139
  121  108  102  101  106  113  120  125  123  114  101   90   85   86   89   91
   90   88   83   76   68   58   48   39   33   29   28   27   26   26   29   36
   44   50   51   47   43   40   41   43   46   45   43   39   38   40   47   58
   71   83   88   87   86   90  100  115  132
    12.5-180.0 180.0   5.0 450.0                            LAT/LON1/LON2/DLON/H
  137  158  188  225  259  280  283  278  272  272  270  260  239  211  180  152
  131  120  117  122  130  139  147  149  143  129  112   97   89   87   89   92
   93   92   87   80   70   60   49   40   32   27   25   24   24   24   29   36
   44   49   48   43   37   33   33   36   39   40   39   38   38   41   48   60
   75   89   97   99   99  102  110  123  137
    10.0-180.0 180.0   5.0 450.0                            LAT/LON1/LON2/DLON/H
  143  162  193  232  268  287  288  280  277  282  287  282  262  232  199  170
  150  141  143  152  162  171  176  173  162  144  123  105   93   89   90   93
   96   97   93   85   74   63   53   43   34   28   25   23   23   24   28   35
   43   48   46   40   32   28   28   31   35   37   37   38   40   44   51   62
   77   93  103  107  109  113  120  130  143
     7.5-180.0 180.0   5.0 450.0                            LAT/LON1/LON2/DLON/H
  148  165  195  233  265  280  277  267  266  277  289  291  276  248  217  190
  174  170  176  188  198  204  203  195  178  156  132  112   99   93   92   96
  100  102   99   91   79   68   58   47   38   30   26   25   24   25   28   35
   43   47   46   39   32   27   27   30   34   36   37   40   44   49   55   66
   79   94  105  111  114  120  128  137  148
     5.0-180.0 180.0   5.0 450.0                            LAT/LON1/LON2/DLON/H
  151  167  194  227  255  263  254  242  242  257  276  285  277  255  230  210
  201  202  212  223  231  231  224  209  188  164  140  120  106   98   96   99
  105  108  106   97   85   73   63   52   42   34   29   27   26   27   30   36
   44   49   48   42   36   32   32   35   37   38   40   43   49   55   61   69
   81   93  103  109  114  121  131  141  151
     2.5-180.0 180.0   5.0 450.0                            LAT/LON1/LON2/DLON/H
  153  168  192  220  240  241  226  210  210  228  251  266  265  253  237  227
  225  231  242  251  254  247  233  214  192  168  146  128  114  105  101  103
  109  113  111  103   90   78   68   57   47   38   33   31   30   30   32   38
   46   52   52   49   45   42   42   43   43   43   44   48   55   61   67   74
   82   91   98  103  109  118  130  142  153
