Unidad 4/casg0160.20i
     1.0            IONOSPHERE MAPS     MIX                 IONEX VERSION / TYPE
GIM_AOE V1.0        LZSH                2020-01-19 23:31:33 PGM / RUN BY / DATE
Global ionospheric map produced by aoe                      DESCRIPTION
Contact address: Li Zishen                                  DESCRIPTION
                                Chinese Academy of Sciences DESCRIPTION
                              Navigation Headquarter of CAS DESCRIPTION
                 Dengzhuang south Road,Beijing,China,100094 DESCRIPTION
                                   Email:lizishen@aoe.ac.cn DESCRIPTION
  2020     1    16     0     0  0.00                        EPOCH OF FIRST MAP
  2020     1    17     0     0  0.00                        EPOCH OF LAST MAP
  1800.0                                                    INTERVAL
    49                                                      # OF MAPS IN FILE
  COSZ                                                      MAPPING FUNCTION
     0.0                                                    ELEVATION CUTOFF
TEC is obtained by adjusted uncombined raw observation      OBSERVABLES USED
  6371.4                                                    BASE RADIUS 
     2                                                      MAP DIMENSION
   450.0 450.0   0.0                                        HGT1 / HGT2 / DHGT
    87.5 -87.5  -2.5                                        LAT1 / LAT2 / DLAT
  -180.0 180.0   5.0                                        LON1 / LON2 / DLON
    -1                                                      EXPONENT
TEC values in 0.1 tec units;  9999, if no value available   COMMENT
DCB values in nanoseconds, reference is Sum_of_SatDCBs = 0  COMMENT
                                                            END OF HEADER
[from data line 18018]
    43                                                      START OF TEC MAP
  2020     1    16    21     0     0                        EPOCH OF CURRENT MAP
    87.5-180.0 180.0   5.0 450.0                            LAT/LON1/LON2/DLON/H
   18   19   19   19   19   19   19   19   19   19   18   18   18   18   17   17
   17   16   16   15   15   15   14   14   13   13   13   12   12   12   11   11
   11   11   11   11   11   11   11   11   11   11   12   12   12   12   12   13
   13   13   13   14   14   14   14   15   15   15   16   16   16   16   17   17
   17   17   17   18   18   18   18   18   18
    85.0-180.0 180.0   5.0 450.0                            LAT/LON1/LON2/DLON/H
   19   19   19   20   20   20   21   21   21   21   21   20   20   20   19   18
   18   17   16   15   14   13   12   11   11   11   11   11   11   11   11   11
   11   11   11   11   10   10   10   10   10   10   10   10   10   10   10   10
   10   11   11   11   12   12   13   13   13   14   14   15   15   15   16   16
   16   16   17   17   17   18   18   18   19
    82.5-180.0 180.0   5.0 450.0                            LAT/LON1/LON2/DLON/H
   16   17   17   18   19   20   20   21   22   22   22   22   22   21   21   20
   19   17   16   14   12   11   11   11   11   11   11   11   11   11   11   11
   11   11   11   10   10   10   10   10   10   10   10   10   10   10   10   10
   10   10   10   10   10   10   10   11   11   12   12   12   13   13   13   13
   13   14   14   14   14   15   15   16   16
    80.0-180.0 180.0   5.0 450.0                            LAT/LON1/LON2/DLON/H
   12   13   14   15   16   17   19   20   21   22   23   23   24   23   23   22
   20   18   17   14   12   12   12   12   12   12   12   12   12   12   12   12
   12   12   12   11   11   11   11   11   11   11   11   11   11   11   11   11
   11   11   11   11   11   11   11   11   11   11   11   11   11   10   10   10
   10   10   10   10   10   10   11   11   12
    77.5-180.0 180.0   5.0 450.0                            LAT/LON1/LON2/DLON/H
    5    7    9   11   13   15   17   19   21   22   24   25   25   25   25   24
   22   21   18   16   13   10   10   10   10   10   10   10   10   10   10   10
   10   10   10   10   10   10   10   10   10   10   10   10   10   10   10   10
   10   10   10   10   10   10   10   10   10   10   10   10   10   10   10   10
   10   10   10   10   10   10   10   10   10
    75.0-180.0 180.0   5.0 450.0                            LAT/LON1/LON2/DLON/H
    0    3    5    8   10   13   15   18   21   23   25   26   27   27   27   26
   25   23   21   19   16   13   13   13   13   13   13   13   13   13   13   13
   13   13   13   13   13   13   13   13   13   13   13   13   13   13   13   13
   13   13   13   13   13   13   13   13   13   13   13   13   13   13   13   13
   13   13   13   13   13   13   13   13   13
    72.5-180.0 180.0   5.0 450.0                            LAT/LON1/LON2/DLON/H
    0    3    5    8   10   13   16   19   22   25   27   28   29   30   30   29
   28   27   25   22   20   17   13   10   10   10   10   10   10   10   10   10
   10   10   10   10   10   10   10   10   10   10   10   10   10   10   10   10
   10   10   10   10   10   10   10   10   10   10   10   10   10   10   10   10
   10   10   10   10   10   10   10   10   10
    70.0-180.0 180.0   5.0 450.0                            LAT/LON1/LON2/DLON/H
    3    6    8   11   14   17   20   23   25   28   30   31   32   32   32   32
   31   30   29   27   25   22   19   15   12   12   12   11   11   11   11   11
   11   12   13   13   12   11   11   11   11   11   11   11   11   11   11   11
   11   11   11   11   11   11   11   11   11   11   11   11   11   11   11   11
   11   11   11   11   11   11   11   11   11
    67.5-180.0 180.0   5.0 450.0                            LAT/LON1/LON2/DLON/H
   11   13   15   18   20   23   26   28   30   32   34   35   35   35   35   34
   34   33   32   31   30   27   24   21   17   13   10   11   11   11   11   12
   13   14   14   14   12   11   11   11   11   11   11   10   10   10   10   10
   10   11   12   11   11   11   11   11   11   11   11   11   11   11   11   11
   11   11   11   11   11   11   11   11   11
    65.0-180.0 180.0   5.0 450.0                            LAT/LON1/LON2/DLON/H
   19   22   25   27   29   32   34   35   37   38   39   39   39   39   38   37
   37   36   36   35   34   32   29   25   21   17   13   11   11   10   11   13
   14   14   14   13   11   11   11   11   11   11   11   11   11   11   11   11
   13   14   14   14   13   12   11   11   11   11   11   11   11   11   11   11
   11   11   10   10   11   12   14   16   19
    62.5-180.0 180.0   5.0 450.0                            LAT/LON1/LON2/DLON/H
   28   32   35   38   39   41   42   43   44   44   44   44   44   43   42   41
   40   40   39   39   37   35   32   28   24   19   15   12   11   11   11   13
   13   13   12   11   11   11   11   11   11   11   11   11   11   11   11   13
   15   16   17   17   16   15   14   12   12   11   12   12   13   14   14   14
   14   13   13   13   14   17   20   24   28
    60.0-180.0 180.0   5.0 450.0                            LAT/LON1/LON2/DLON/H
   36   41   45   48   49   50   50   50   50   50   50   49   49   48   47   46
   45   43   42   41   40   38   34   30   25   20   16   13   11   11   11   12
   12   12   11   11   11   11   11   10   10   10   10   10   11   12   14   16
   18   19   20   20   19   19   18   17   16   16   16   17   17   17   17   16
   15   14   14   15   17   21   26   31   36
    57.5-180.0 180.0   5.0 450.0                            LAT/LON1/LON2/DLON/H
   43   49   53   56   57   58   57   56   55   54   54   54   54   53   53   51
   50   48   46   44   42   39   35   31   26   21   17   14   12   12   12   13
   13   12   11   11   11   11   11   11   12   13   14   15   15   16   18   19
   21   23   24   24   24   24   23   23   22   22   22   22   21   21   20   18
   16   15   14   16   19   24   30   37   43
    55.0-180.0 180.0   5.0 450.0                            LAT/LON1/LON2/DLON/H
   48   54   59   62   64   64   63   61   60   58   58   58   58   59   59   58
   56   53   50   47   44   40   37   33   28   24   20   17   16   15   16   16
   16   15   14   13   13   14   15   17   19   20   20   20   20   21   22   24
   26   27   29   29   30   30   30   30   30   29   28   27   26   24   22   19
   16   14   14   15   19   25   33   41   48
    52.5-180.0 180.0   5.0 450.0                            LAT/LON1/LON2/DLON/H
   51   58   63   67   69   69   68   66   64   62   61   61   62   63   64   64
   62   59   55   51   47   43   40   36   33   29   26   23   22   22   22   22
   21   21   20   19   20   21   23   25   26   27   27   26   26   26   27   29
   31   33   35   36   37   37   38   38   38   37   35   33   30   27   24   20
   16   14   13   15   20   27   35   43   51
    50.0-180.0 180.0   5.0 450.0                            LAT/LON1/LON2/DLON/H
   53   60   66   70   73   74   73   71   68   65   64   64   65   67   69   70
   69   65   61   56   51   48   45   43   40   38   35   33   31   31   31   31
   30   29   29   28   28   30   31   32   33   34   33   32   32   32   33   35
   37   40   41   43   44   45   45   46   45   44   41   38   34   30   26   21
   17   14   13   15   21   28   37   45   53
    47.5-180.0 180.0   5.0 450.0                            LAT/LON1/LON2/DLON/H
   55   61   67   72   76   78   78   76   73   70   68   67   68   70   73   74
   74   71   67   62   58   55   54   53   51   49   47   44   43   42   42   41
   41   40   39   39   38   39   39   40   40   39   38   37   37   37   38   41
   43   46   48   49   50   51   52   52   51   49   46   42   38   33   28   23
   18   14   14   17   23   30   39   47   55
    45.0-180.0 180.0   5.0 450.0                            LAT/LON1/LON2/DLON/H
   56   62   68   74   79   83   84   83   80   76   73   71   71   73   75   78
   78   77   74   70   67   66   65   65   64   63   60   57   55   53   53   52
   52   51   50   49   48   47   46   45   44   43   42   41   41   42   43   46
   48   51   52   54   55   55   56   56   55   53   49   45   41   36   30   25
   19   16   16   20   26   34   42   49   56
    42.5-180.0 180.0   5.0 450.0                            LAT/LON1/LON2/DLON/H
   57   63   69   76   82   87   89   90   87   84   80   77   75   76   78   80
   82   82   81   80   78   78   78   79   78   76   73   69   66   64   63   62
   62   61   59   58   56   53   51   49   47   46   45   45   45   46   47   49
   51   53   54   56   56   57   57   57   56   54   51   47   43   38   33   27
   22   19   20   24   30   37   44   51   57
    40.0-180.0 180.0   5.0 450.0                            LAT/LON1/LON2/DLON/H
   58   64   70   77   84   90   94   96   95   92   88   84   81   80   81   83
   85   87   88   89   90   91   92   92   91   88   83   78   74   71   70   70
   69   68   67   64   61   58   55   52   49   48   47   47   48   49   49   50
   51   52   53   54   55   56   56   56   55   53   51   48   44   40   35   29
   25   22   23   28   34   41   47   52   58
    37.5-180.0 180.0   5.0 450.0                            LAT/LON1/LON2/DLON/H
   58   64   71   79   86   93   98  100  101   99   96   92   88   86   85   86
   89   92   96   99  101  102  103  102  100   96   90   84   79   76   75   75
   74   73   71   68   65   61   57   54   51   50   49   50   50   50   50   49
   49   49   50   51   52   53   53   53   53   52   50   48   46   42   37   32
   27   26   27   31   37   43   48   53   58
    35.0-180.0 180.0   5.0 450.0                            LAT/LON1/LON2/DLON/H
   59   66   73   81   88   95  100  104  106  106  104  100   96   93   91   91
   94   98  103  108  110  111  110  108  105  100   94   87   82   78   77   77
   77   77   74   71   67   63   59   56   53   52   52   52   52   51   49   46
   45   44   45   47   48   49   50   50   50   50   49   48   47   44   39   34
   30   28   30   35   40   45   49   54   59
    32.5-180.0 180.0   5.0 450.0                            LAT/LON1/LON2/DLON/H
   60   68   77   85   92   98  103  107  110  111  110  108  104  101   98   97
   99  104  109  114  116  116  114  110  106  101   95   88   83   79   78   79
   79   78   76   72   68   64   61   58   56   54   53   52   52   50   47   43
   40   39   41   43   45   47   48   48   49   49   49   49   48   45   40   35
   31   31   33   37   42   45   49   54   60
    30.0-180.0 180.0   5.0 450.0                            LAT/LON1/LON2/DLON/H
   62   72   82   91   98  103  107  111  114  116  117  115  112  109  106  104
  105  108  113  117  119  116  112  108  104  100   95   89   84   81   79   80
   80   79   77   73   69   65   63   61   58   56   54   52   50   48   44   40
   36   36   38   41   44   46   47   48   48   49   50   50   49   45   40   35
   32   32   35   40   43   46   49   54   62
    27.5-180.0 180.0   5.0 450.0                            LAT/LON1/LON2/DLON/H
   66   78   90  100  107  112  115  118  121  122  123  122  120  117  113  111
  110  112  115  118  117  113  108  104  102  100   97   93   88   84   81   81
   81   80   78   74   70   67   64   63   60   56   53   50   48   45   42   38
   35   34   37   41   45   47   48   48   49   50   51   51   49   45   40   35
   33   34   38   42   46   48   51   56   66
    25.0-180.0 180.0   5.0 450.0                            LAT/LON1/LON2/DLON/H
   72   86   99  111  120  126  129  131  132  131  130  129  127  124  121  117
  114  114  115  115  113  108  104  101  102  103  103   99   94   89   85   83
   82   82   79   75   71   68   65   63   60   55   49   45   44   42   40   37
   35   35   39   44   47   49   49   49   49   50   51   51   48   44   39   34
   33   36   41   46   49   51   54   61   72
    22.5-180.0 180.0   5.0 450.0                            LAT/LON1/LON2/DLON/H
   79   95  111  125  136  144  148  150  148  145  141  137  135  132  128  123
  118  115  113  111  108  104  102  103  107  112  113  110  104   96   89   86
   84   83   80   77   72   68   65   62   58   51   44   40   39   39   39   38
   37   38   42   47   50   51   50   49   49   49   50   49   47   42   37   33
   34   38   45   51   55   57   60   67   79
    20.0-180.0 180.0   5.0 450.0                            LAT/LON1/LON2/DLON/H
   89  105  122  139  153  164  171  173  170  163  155  149  144  141  137  130
  123  116  112  109  106  104  105  110  118  125  128  124  115  104   95   88
   85   84   82   78   73   68   64   60   54   47   39   34   34   36   38   38
   39   41   45   49   52   51   49   47   46   46   46   46   43   39   35   33
   34   41   49   57   62   65   68   76   89
    17.5-180.0 180.0   5.0 450.0                            LAT/LON1/LON2/DLON/H
   98  115  133  151  169  185  196  199  194  184  172  163  157  153  147  139
  129  120  114  110  109  111  115  124  135  143  146  140  128  113  100   91
   87   85   83   79   74   68   63   58   51   42   34   30   30   33   37   39
   41   43   47   50   51   50   46   44   42   42   42   41   39   36   33   32
   36   44   54   64   70   74   78   86   98
    15.0-180.0 180.0   5.0 450.0                            LAT/LON1/LON2/DLON/H
  108  123  141  161  182  202  217  223  218  206  191  179  172  167  161  151
  139  128  121  118  120  125  133  144  156  164  163  155  139  121  105   94
   88   86   84   81   75   69   63   57   49   40   32   27   28   31   35   38
   41   44   47   49   49   46   42   39   37   37   37   36   35   33   32   33
   38   47   59   70   78   83   88   96  108
    12.5-180.0 180.0   5.0 450.0                            LAT/LON1/LON2/DLON/H
  116  130  146  167  190  214  233  241  237  224  208  196  188  184  177  167
  154  142  135  134  138  146  157  169  178  183  179  166  148  128  111   98
   91   87   86   83   77   71   65   58   50   41   33   28   28   31   34   37
   40   42   45   47   46   42   38   34   33   32   32   33   32   32   32   35
   41   51   63   75   85   91   98  105  116
    10.0-180.0 180.0   5.0 450.0                            LAT/LON1/LON2/DLON/H
  122  134  149  169  193  219  241  251  249  236  221  210  204  201  196  186
  173  162  155  156  162  172  184  193  199  198  190  174  155  135  117  103
   94   90   88   86   81   75   68   61   53   45   37   32   31   32   34   36
   38   40   43   44   43   39   35   32   31   30   30   31   31   32   34   38
   45   55   67   79   90   98  105  113  122
     7.5-180.0 180.0   5.0 450.0                            LAT/LON1/LON2/DLON/H
  127  137  150  168  192  218  241  252  251  240  227  218  216  216  213  205
  194  184  179  181  189  200  209  215  215  208  195  179  160  141  124  110
  100   95   92   90   86   81   74   67   59   51   44   39   36   35   34   35
   37   39   41   42   42   39   36   33   32   32   31   32   32   34   37   42
   49   58   70   82   92  101  109  118  127
     5.0-180.0 180.0   5.0 450.0                            LAT/LON1/LON2/DLON/H
  130  140  151  167  189  214  235  246  244  235  224  220  221  225  226  222
  214  206  203  206  214  223  229  230  224  212  197  180  164  148  133  119
  108  101   97   95   92   87   81   74   66   59   53   48   43   39   37   36
   37   40   42   43   43   42   40   38   37   36   36   35   35   37   41   46
   53   62   72   83   93  102  111  120  130
     2.5-180.0 180.0   5.0 450.0                            LAT/LON1/LON2/DLON/H
  131  142  153  167  186  208  227  235  232  223  215  214  220  228  233  232
  228  224  223  227  233  240  242  237  226  211  196  182  169  157  144  130
  117  108  102   99   97   93   88   80   73   67   61   56   50   45   41   39
   40   43   45   47   48   47   46   45   44   43   42   40   40   41   45   50
   57   64   73   82   92  101  110  121  131
